     0.00500     99.70369     22.56901
     0.00600    109.24949     12.10049
     0.00700    111.59253      6.05616
     0.00800    111.86582      3.39961
     0.00900    108.98421      2.17491
     0.01000    108.46011      1.66725
     0.01100    104.53019      1.13126
     0.01200    102.39383      0.85754
     0.01300    100.40107      0.68207
     0.01400     98.69495      0.58728
     0.01500     96.82241      0.52554
     0.01600     93.20047      0.47734
     0.01700     90.04815      0.41841
     0.01800     87.65570      0.40837
     0.01900     85.62005      0.37502
     0.02000     81.63360      0.35461
     0.02100     79.12215      0.33087
     0.02200     76.34786      0.31051
     0.02300     73.61341      0.28605
     0.02400     70.17049      0.27233
     0.02500     67.66314      0.27927
     0.02600     65.08221      0.25577
     0.02700     62.12194      0.24661
     0.02800     59.67677      0.23103
     0.02900     57.07329      0.22621
     0.03000     54.49154      0.21848
     0.03100     51.66108      0.20870
     0.03200     49.66066      0.20319
     0.03300     47.52355      0.19359
     0.03400     44.82784      0.18403
     0.03500     42.64990      0.18175
     0.03600     40.53377      0.17194
     0.03700     38.73853      0.16644
     0.03800     36.60880      0.15992
     0.03900     34.85189      0.15661
     0.04000     32.90630      0.15122
     0.04100     31.55450      0.14118
     0.04200     29.48178      0.13929
     0.04300     28.19963      0.13677
     0.04400     27.17962      0.13041
     0.04500     25.53110      0.12919
     0.04600     24.10908      0.12463
     0.04700     23.05789      0.12299
     0.04800     21.95550      0.11522
     0.04900     20.78650      0.11430
     0.05000     19.70339      0.08953
     0.05200     18.10050      0.07414
     0.05400     16.56231      0.07177
     0.05600     15.23460      0.06895
     0.05800     14.16064      0.06516
     0.06000     13.13370      0.06340
     0.06200     12.29776      0.06181
     0.06400     11.58767      0.06180
     0.06600     10.94504      0.06325
     0.06800     10.50163      0.06106
     0.07000      9.86360      0.05932
     0.07200      9.56788      0.05899
     0.07400      9.11675      0.05934
     0.07600      8.56290      0.05939
     0.07800      8.13005      0.05986
     0.08000      7.70239      0.05690
     0.08200      7.33051      0.05488
     0.08400      7.05046      0.05491
     0.08600      6.58524      0.05277
     0.08800      6.24767      0.05155
     0.09000      5.84840      0.05118
     0.09200      5.55437      0.04919
     0.09400      5.22809      0.04806
     0.09600      4.90368      0.04737
     0.09800      4.63201      0.04919
     0.10000      4.21079      0.03547
     0.10500      3.66317      0.02833
     0.11000      3.09385      0.08456
     0.11500      2.59005      0.06793
     0.12000      2.14667      0.05672
     0.12500      1.89422      0.05470
     0.13000      1.62204      0.05005
     0.13500      1.42248      0.04858
     0.14000      1.27130      0.04852
     0.14500      1.17276      0.04611
     0.15000      1.10003      0.04782
     0.15500      1.01342      0.04396
     0.16000      0.90563      0.04092
     0.16500      0.88455      0.04200
     0.17000      0.79803      0.04173
     0.17500      0.74105      0.03925
     0.18000      0.67848      0.03896
     0.18500      0.58150      0.03825
     0.19000      0.53436      0.03665
     0.19500      0.48547      0.03816
     0.20000      0.43839      0.03583
     0.20500      0.38741      0.03559
     0.21000      0.38123      0.03439
     0.21500      0.34760      0.03419
     0.22000      0.32099      0.03609
     0.22500      0.29693      0.03524
     0.23000      0.29086      0.03471
     0.23500      0.28889      0.03511
     0.24000      0.23564      0.03451
     0.24500      0.25602      0.03414
     0.25000      0.23430      0.03421
     0.25500      0.21901      0.03380
     0.26000      0.17468      0.03408
     0.26500      0.22410      0.03684
     0.27000      0.21388      0.03807
     0.27500      0.17575      0.04028
     0.28000      0.17358      0.04263
     0.28500      0.16925      0.04496
     0.29000      0.11666      0.04808
     0.29500      0.15085      0.05127
     0.30000      0.15313      0.05334
     0.30500      0.13142      0.05657
     0.31000      0.20182      0.05989
     0.31500      0.16397      0.06556
     0.32000      0.15893      0.08137
     0.32500      0.31879      0.17693
     0.33000      0.15726      0.02124
     0.33500      0.10488      0.02226
     0.34000      0.13603      0.02127
     0.34500      0.17811      0.02181
     0.35000      0.14894      0.02087
     0.35500      0.14225      0.02162
     0.36000      0.19843      0.02133
     0.36500      0.16456      0.02103
     0.37000      0.18212      0.02107
     0.37500      0.15840      0.02097
     0.38000      0.16075      0.02007
     0.38500      0.13078      0.02042
     0.39000      0.17024      0.01951
     0.39500      0.15677      0.01997
     0.40000      0.15121      0.01956
     0.40500      0.14490      0.01927
     0.41000      0.15143      0.01901
     0.41500      0.14673      0.01933
     0.42000      0.13486      0.01911
     0.42500      0.17994      0.01882
     0.43000      0.16924      0.01843
     0.43500      0.15801      0.01823
     0.44000      0.14829      0.01856
     0.44500      0.14272      0.01773
     0.45000      0.16319      0.01775
     0.45500      0.14937      0.01752
     0.46000      0.15628      0.01713
     0.46500      0.14152      0.01730
     0.47000      0.12749      0.01757
     0.47500      0.13238      0.01679
     0.48000      0.13258      0.01679
     0.48500      0.14748      0.01665
     0.49000      0.15239      0.01580
     0.49500      0.15561      0.01627
     0.50000      0.14079      0.01321
     0.51000      0.15785      0.01211
     0.52000      0.12842      0.01234
     0.53000      0.13876      0.01281
     0.54000      0.15904      0.01306
     0.55000      0.15890      0.01286
     0.56000      0.15390      0.01192
     0.57000      0.16841      0.01186
     0.58000      0.16965      0.01100
     0.59000      0.17019      0.01084
     0.60000      0.16895      0.01041
     0.61000      0.16395      0.01056
     0.62000      0.17617      0.01051
     0.63000      0.17014      0.01020
     0.64000      0.16236      0.01015
     0.65000      0.15562      0.01007
     0.66000      0.15341      0.01022
     0.67000      0.14573      0.00990
     0.68000      0.15336      0.00997
     0.69000      0.14235      0.00986
     0.70000      0.13695      0.00946
     0.71000      0.13368      0.00919
     0.72000      0.12955      0.00905
     0.73000      0.13595      0.00891
     0.74000      0.11818      0.00877
     0.75000      0.12803      0.00863
     0.76000      0.12195      0.00869
     0.77000      0.13774      0.00852
     0.78000      0.12451      0.00861
     0.79000      0.11508      0.00887
     0.80000      0.11391      0.00915
     0.81000      0.11467      0.00913
     0.82000      0.10117      0.00890
     0.83000      0.10747      0.00850
     0.84000      0.11621      0.00815
     0.85000      0.09904      0.00784
     0.86000      0.12067      0.00775
     0.87000      0.10836      0.00772
     0.88000      0.09780      0.00779
     0.89000      0.10714      0.00774
     0.90000      0.10422      0.00770
     0.91000      0.10404      0.00772
     0.92000      0.11002      0.00772
     0.93000      0.10591      0.00777
     0.94000      0.10307      0.00746
     0.95000      0.11007      0.00745
     0.96000      0.10429      0.00766
     0.97000      0.10275      0.00782
     0.98000      0.10347      0.00811
     0.99000      0.11218      0.00816
     1.00000      0.09642      0.00568
     1.03000      0.11663      0.00467
     1.06000      0.11958      0.00484
     1.09000      0.12999      0.00489
     1.12000      0.14333      0.00489
     1.15000      0.15034      0.00512
     1.18000      0.15695      0.02658
     1.21000      0.17122      0.01430
     1.24000      0.17113      0.01327
     1.27000      0.19514      0.01334
     1.30000      0.20489      0.01332
     1.33000      0.20229      0.01367
     1.36000      0.22141      0.02252
     1.39000      0.64408     12.35319
     1.42000      0.20380      1.38380
     1.45000      0.22877      0.01877
     1.48000      0.23044      0.01715
     1.51000      0.22760      0.01842
     1.54000      0.23683      0.01963
     1.57000      0.23205      0.01989
     1.60000      0.23169      0.02148
     1.63000      0.24495      0.02314
     1.66000      0.23633      0.02519
     1.69000      0.25801      0.02607
     1.72000      0.26476      0.02685
     1.75000      0.26446      0.02780
     1.78000      0.27877      0.02981
     1.81000      0.27781      0.03240
     1.84000      0.27433      0.03463
     1.87000      0.29982      0.04360
     1.90000      0.26546      0.04665
     1.93000      0.29037      0.07135
     1.96000      0.28918      0.02606
     1.99000      0.26767      0.02426
     2.02000      0.27544      0.02376
     2.05000      0.27177      0.02441
     2.08000      0.26942      0.02537
     2.11000      0.26605      0.02589
     2.14000      0.29170      0.02576
     2.17000      0.26241      0.02707
     2.20000      0.25096      0.02626
     2.23000      0.23960      0.02531
     2.26000      0.20920      0.02367
     2.29000      0.24295      0.02243
     2.32000      0.25141      0.02131
     2.35000      0.23447      0.02073
     2.38000      0.21062      0.02114
     2.41000      0.22528      0.02177
     2.44000      0.23194      0.02286
     2.47000      0.20650      0.02084
     2.50000      0.20965      0.02060
     2.53000      0.19791      0.02050
     2.56000      0.23164      0.01978
     2.59000      0.20798      0.01972
     2.62000      0.21656      0.01925
     2.65000      0.22123      0.01891
     2.68000      0.22465      0.02155
     2.71000      0.20736      0.02140
     2.74000      0.19506      0.02149
     2.77000      0.23297      3.28785
     2.80000      0.20523      0.11042
     2.83000      0.20842      0.02080
     2.86000      0.19828      0.01980
     2.89000      0.19860      0.01933
     2.92000      0.19583      0.01967
     2.95000      0.21328      0.02058
     2.98000      0.20303      0.01951
     3.01000      0.19208      0.01928
     3.04000      0.18357      0.01878
     3.07000      0.18151      0.01791
     3.10000      0.17329      0.01752
     3.13000      0.16558      0.01731
     3.16000      0.16968      0.01743
     3.19000      0.14017      0.02190
